Project Euler 502 'castle' tabulations (50 terms each)
All indices (w for rows, h for columns) start at 1.
F(w,h)   = castles width w, height exactly h, EVEN number of blocks.
F_odd(w,h) = same but ODD number of blocks.

## F(w,3)  [even blocks, height 3, w=1..50]
## offset: index (w) starts at 1
0 0 3 21 89 307 977 3031 9321 28479 86505 261615 788969 2375119 7141769 21457999 64439145 193447887 580605705 1742342799 5228079593 15686337295 47063203337 141197992015 423610748265 1270865801295 3812664520713 11438127787791 34314651807209 102944492309647 308834550687497 926505799512271 2779521693371241 8338573669884879 25015738189560585 75047248928849295 225141815506642409 675425583959033359 2026277026754186249 6078831630016984399 18236495989561785705 54709490167709021007 164128474901174524425 492385433499617777679 1477156318091042853353 4431468989457508051855 13294407038741272978697 39883221256961292936655 119649664052358815097705 358948992720026361835215

## F(w,4)  [even blocks, height 4, w=1..50]
## offset: index (w) starts at 1
1 7 31 117 439 1729 7063 29201 120471 493617 2008567 8129265 32781847 131886705 529800951 2126056497 8525233303 34165151537 136855430903 548008309617 2193790326295 8780413305073 35137354107383 140596416587697 562526569165463 2250529136099249 9003386145615863 36017356342079729 144080866344063511 576357794552935281 2305534160897333495 9222445544737115953 36890708739005494423 147565614351315901489 590270795266505884919 2361108194866981487217 9444507823222093502999 37778256431534463334897 151113701157203801551863 604456830940665018174129 2417833402692329159361175 9671351847448089268473009 38685462099464073051661815 154742012526100849995229169 618968542488141091896323607 2475875647103932096499438705 9903507019875187723379809015 39614041373897548336803699249 158456205378820689642161757335 633824941165029060581992780081

## F(w,5)  [even blocks, height 5, w=1..50]
## offset: index (w) starts at 1
0 0 10 122 906 5478 30274 160974 840602 4343142 22270674 113548062 576419210 2916485078 14719003074 74138460174 372857817466 1872928087750 9399134274226 47133481815550 236218208039786 1183293012143030 5925269483061666 29661555211017710 148448579116872538 742806028597709478 3716282453374889618 18590420890560722910 92988137227031968074 465084812438389722006 2326000554031870130562 11632308700156412644302 58170767116246503372090 290890729750454692077190 1454601224609791281566322 7273596424185767818348990 36370343319061517446387498 181861161369904402005095286 909343585897780468695574882 4546869045541813960101241262 22734949691528983944297959194 113677166311829249440587250278 568395502972820537826255089234 2842016200510233747187881051038 14210235745111736839228026129674 71051797695733962627240014947158 355261464359183584619561672364354 1776317225317449144215602099003278 8881625740671905754124331387846906 44408287159694072840833648084164166

## F_odd(w,3) [odd blocks, height 3, w=1..50]
## offset: index (w) starts at 1
1 5 16 44 122 358 1082 3274 9850 29546 88594 265730 797162 2391466 7174370 21523186 64569946 193710458 581131474 1743393026 5230176458 15690528010 47071586882 141214767250 423644306746 1270932918170 3812798746546 11438396231714 34315188686762 102945566043178 308836698112802 926510094372274 2779530283249690 8338590849912506 25015772549700754 75047317648673090 225141952945401482 675425858836051786 2026277576508976130 6078832729528316626 18236498188585745146 54709494565756827098 164128483697269530994 492385451091807410786 1477156353275418756458 4431469059826248866410 13294407179478741953762 39883221538436240216050 119649664615308761071066 358948993845926320092410

## F_odd(w,4) [odd blocks, height 4, w=1..50]
## offset: index (w) starts at 1
0 0 6 58 342 1638 7134 29774 121990 495910 2008590 8116510 32732694 131765782 529591966 2125864078 8525495718 34166904710 136860214574 548016533758 2193795831606 8780391679734 35137246891454 140596130586478 562526049067718 2250528625442918 9003386766381134 36017360903393246 144080879430283350 576357818921817046 2305534184133770462 9222445508783583822 36890708495266156518 147565613646337257798 590270793905806418798 2361108193367366727358 9444507824350596354422 37778256442662187092150 151113701191300473148414 604456831008505099603246 2417833402769810368677126 9671351847396846014466598 38685462098904799592455822 154742012524342035118319006 618968542484532632169101974 2475875647099469350595962262 9903507019876537717502890782 39614041373923712384230387726 158456205378907430114484453926 633824941165212649062121655046

## F_odd(w,5) [odd blocks, height 5, w=1..50]
## offset: index (w) starts at 1
1 9 51 247 1195 6051 31467 164115 850379 4373907 22363147 113815347 577175051 2918595091 14724833227 74154463155 372901766475 1873049701139 9399474146955 47134438197299 236220903652235 1183300592828179 5925290727838795 29661614587662259 148448744853237963 742806491159685651 3716283745039456523 18590424500020489779 92988147319912023307 465084840672481946643 2326000633027095059659 11632308921156840694707 58170767734393472874571 290890731479040027362579 1454601229442861668458379 7273596437698214343077939 36370343356841263005960843 181861161475540978837501203 909343586193172349840826699 4546869046367853789874443187 22734949693838969434755169227 113677166318288975971377216531 568395502990884423300362543627 2842016200560746394712388308531 14210235745252985215342045449227 71051797696128933025885242071571 355261464360288035167164209226187 1776317225320537520802425694937011 8881625740680541835303401125804875 44408287159718222163655388659896083

## F(3,h)  [even blocks, width 3, h=1..50]
## offset: index (h) starts at 1
0 6 3 31 10 76 21 141 36 226 55 331 78 456 105 601 136 766 171 951 210 1156 253 1381 300 1626 351 1891 406 2176 465 2481 528 2806 595 3151 666 3516 741 3901 820 4306 903 4731 990 5176 1081 5641 1176 6126

## F(4,h)  [even blocks, width 4, h=1..50]
## offset: index (h) starts at 1
0 10 21 117 122 448 367 1131 820 2294 1545 4065 2606 6572 4067 9943 5992 14306 8445 19789 11490 26520 15191 34627 19612 44238 24817 55481 30870 68484 37835 83375 45776 100282 54757 119333 64842 140656 76095 164379 88580 190630 102361 219537 117502 251228 134067 285831 152120 323474

## F(5,h)  [even blocks, width 5, h=1..50]
## offset: index (h) starts at 1
0 16 89 439 906 2630 3907 9037 11380 23196 26445 49731 53054 94354 95991 163865 160872 266152 254145 410191 383090 606046 555819 864869 781276 1198900 1069237 1621467 1430310 2146986 1875935 2790961 2418384 3569984 3070761 4501735 3847002 5604982 4761875 6899581 5830980 8406476 7070749 10147699 8498446 12146370 10132167 14426697 11990840 17013976

## SANITY: F(w,2) = A038505(w+1), w=1..50
## offset: index (w) starts at 1
1 3 6 10 16 28 56 120 256 528 1056 2080 4096 8128 16256 32640 65536 131328 262656 524800 1048576 2096128 4192256 8386560 16777216 33558528 67117056 134225920 268435456 536854528 1073709056 2147450880 4294967296 8590000128 17180000256 34359869440 68719476736 137438691328 274877382656 549755289600 1099511627776 2199024304128 4398048608256 8796095119360 17592186044416 35184367894528 70368735789056 140737479966720 281474976710656 562949970198528
